[2J[H[38;5;51m+------------------------------------------------------------------------------+[0m
[38;5;51m|[0m [1;38;5;226mABOUT THIS BOARD[0m                                                             [38;5;51m|[0m
[38;5;51m+------------------------------------------------------------------------------+[0m

[38;5;254;48;5;254m▄[38;5;253;48;5;188m▄[38;5;252;48;5;187m▄[38;5;187;48;5;187m▄[38;5;187;48;5;181m▄[38;5;252;48;5;187m▄[38;5;187;48;5;187m▄[38;5;187;48;5;181m▄[38;5;181;48;5;181m▄▄▄[38;5;181;48;5;145m▄[38;5;181;48;5;181m▄▄[38;5;181;48;5;144m▄[38;5;187;48;5;181m▄[38;5;188;48;5;188m▄[38;5;187;48;5;187m▄[38;5;138;48;5;187m▄[38;5;234;48;5;95m▄[38;5;234;48;5;234m▄▄[38;5;234;48;5;236m▄[38;5;233;48;5;237m▄[38;5;233;48;5;235m▄[38;5;234;48;5;236m▄[38;5;233;48;5;235m▄[38;5;233;48;5;236m▄[38;5;233;48;5;238m▄[38;5;234;48;5;239m▄[38;5;234;48;5;95m▄[38;5;236;48;5;144m▄[38;5;95;48;5;187m▄[38;5;237;48;5;181m▄[38;5;233;48;5;144m▄[38;5;234;48;5;233m▄[38;5;144;48;5;138m▄[48;5;255m  [38;5;255;48;5;255m▄▄[38;5;187;48;5;187m▄[38;5;137;48;5;137m▄[38;5;144;48;5;144m▄[38;5;252;48;5;187m▄[38;5;252;48;5;181m▄[38;5;253;48;5;253m▄[38;5;254;48;5;253m▄[m
[38;5;254;48;5;254m▄[38;5;253;48;5;188m▄[38;5;252;48;5;187m▄[38;5;187;48;5;187m▄▄▄▄▄[38;5;187;48;5;181m▄▄▄[38;5;181;48;5;181m▄[38;5;187;48;5;181m▄[38;5;181;48;5;181m▄▄[38;5;187;48;5;252m▄[38;5;138;48;5;187m▄[38;5;239;48;5;101m▄[38;5;95;48;5;238m▄[38;5;101;48;5;237m▄[38;5;144;48;5;239m▄[38;5;144;48;5;240m▄[38;5;144;48;5;239m▄[38;5;249;48;5;238m▄[38;5;144;48;5;237m▄[38;5;138;48;5;236m▄[38;5;95;48;5;235m▄[38;5;235;48;5;234m▄[38;5;234;48;5;234m▄[38;5;235;48;5;234m▄[38;5;237;48;5;235m▄[38;5;236;48;5;235m▄[38;5;237;48;5;240m▄[38;5;95;48;5;95m▄[38;5;240;48;5;233m▄[38;5;138;48;5;238m▄[38;5;144;48;5;144m▄[48;5;255m  [38;5;255;48;5;255m▄▄[38;5;254;48;5;253m▄[38;5;138;48;5;144m▄[38;5;144;48;5;144m▄[38;5;187;48;5;144m▄[38;5;181;48;5;252m▄[38;5;181;48;5;188m▄[38;5;240;48;5;252m▄[m
[48;5;253m [38;5;253;48;5;188m▄[38;5;253;48;5;252m▄[38;5;188;48;5;187m▄[38;5;252;48;5;187m▄▄▄[38;5;252;48;5;252m▄[38;5;187;48;5;187m▄▄▄▄[38;5;252;48;5;187m▄[38;5;187;48;5;181m▄[38;5;187;48;5;187m▄[38;5;187;48;5;188m▄[38;5;239;48;5;137m▄[38;5;239;48;5;101m▄[38;5;95;48;5;95m▄[38;5;144;48;5;144m▄▄▄[38;5;144;48;5;181m▄[38;5;181;48;5;181m▄▄▄[38;5;181;48;5;144m▄[38;5;181;48;5;137m▄[38;5;144;48;5;239m▄[38;5;95;48;5;236m▄[38;5;239;48;5;235m▄[38;5;236;48;5;234m▄[38;5;235;48;5;234m▄[38;5;236;48;5;237m▄[38;5;95;48;5;137m▄[38;5;137;48;5;181m▄[38;5;95;48;5;181m▄[38;5;144;48;5;255m▄▄[38;5;138;48;5;255m▄[38;5;144;48;5;255m▄[38;5;138;48;5;255m▄[38;5;95;48;5;144m▄[38;5;95;48;5;101m▄[38;5;138;48;5;95m▄[38;5;95;48;5;236m▄[38;5;236;48;5;239m▄[38;5;95;48;5;95m▄[m
[38;5;254;48;5;254m▄[38;5;254;48;5;253m▄[38;5;253;48;5;253m▄[38;5;253;48;5;188m▄[38;5;188;48;5;188m▄▄[38;5;188;48;5;252m▄[38;5;188;48;5;188m▄[38;5;188;48;5;252m▄▄▄[38;5;252;48;5;187m▄[38;5;252;48;5;252m▄[38;5;252;48;5;187m▄[38;5;254;48;5;188m▄[38;5;138;48;5;181m▄[38;5;237;48;5;236m▄[38;5;95;48;5;237m▄[38;5;137;48;5;101m▄[38;5;138;48;5;144m▄[38;5;144;48;5;144m▄▄▄▄[38;5;144;48;5;181m▄[38;5;181;48;5;181m▄[38;5;187;48;5;187m▄[38;5;253;48;5;188m▄[38;5;188;48;5;187m▄[38;5;188;48;5;181m▄[38;5;252;48;5;144m▄[38;5;187;48;5;101m▄[38;5;138;48;5;238m▄[38;5;239;48;5;237m▄[38;5;137;48;5;101m▄[38;5;252;48;5;95m▄[38;5;144;48;5;95m▄[38;5;255;48;5;7m▄[38;5;255;48;5;181m▄[38;5;255;48;5;145m▄[38;5;254;48;5;144m▄[38;5;181;48;5;138m▄[38;5;95;48;5;144m▄[38;5;234;48;5;144m▄[38;5;234;48;5;101m▄[38;5;235;48;5;236m▄[38;5;238;48;5;236m▄[38;5;237;48;5;234m▄[m
[38;5;254;48;5;254m▄[48;5;254m [38;5;254;48;5;254m▄[38;5;254;48;5;253m▄[38;5;253;48;5;253m▄▄▄[38;5;253;48;5;188m▄▄[38;5;188;48;5;188m▄[38;5;253;48;5;188m▄▄▄▄[38;5;254;48;5;254m▄[38;5;181;48;5;138m▄[38;5;144;48;5;95m▄[38;5;101;48;5;101m▄[38;5;101;48;5;138m▄[38;5;138;48;5;144m▄[38;5;144;48;5;144m▄▄▄▄[38;5;181;48;5;181m▄▄[38;5;187;48;5;187m▄[38;5;188;48;5;253m▄[38;5;254;48;5;253m▄▄[38;5;254;48;5;188m▄[38;5;253;48;5;252m▄[38;5;253;48;5;187m▄[38;5;144;48;5;101m▄[38;5;144;48;5;187m▄[38;5;144;48;5;252m▄[38;5;232;48;5;239m▄[38;5;233;48;5;188m▄[38;5;239;48;5;255m▄[38;5;245;48;5;255m▄[38;5;233;48;5;95m▄[38;5;232;48;5;234m▄[38;5;232;48;5;232m▄▄[38;5;238;48;5;236m▄[38;5;237;48;5;239m▄[38;5;239;48;5;239m▄[38;5;235;48;5;235m▄[m
[38;5;255;48;5;254m▄▄[38;5;254;48;5;254m▄▄▄[38;5;254;48;5;253m▄▄[38;5;254;48;5;254m▄[38;5;254;48;5;253m▄▄▄[38;5;254;48;5;254m▄▄[38;5;253;48;5;254m▄[38;5;187;48;5;254m▄[38;5;187;48;5;253m▄[38;5;101;48;5;187m▄[38;5;236;48;5;95m▄[38;5;95;48;5;237m▄[38;5;237;48;5;236m▄[38;5;237;48;5;237m▄[38;5;236;48;5;239m▄[38;5;235;48;5;95m▄[38;5;236;48;5;138m▄[38;5;101;48;5;144m▄[38;5;144;48;5;181m▄[38;5;181;48;5;181m▄[38;5;181;48;5;187m▄[38;5;181;48;5;252m▄[38;5;252;48;5;253m▄[38;5;253;48;5;254m▄[48;5;254m [38;5;253;48;5;253m▄[38;5;144;48;5;144m▄[38;5;95;48;5;181m▄[38;5;232;48;5;59m▄[38;5;232;48;5;232m▄[38;5;232;48;5;233m▄[38;5;233;48;5;233m▄▄▄[38;5;233;48;5;232m▄[38;5;232;48;5;232m▄[38;5;233;48;5;233m▄[38;5;235;48;5;237m▄[38;5;235;48;5;236m▄▄[38;5;234;48;5;234m▄[m
[38;5;255;48;5;255m▄▄[38;5;255;48;5;254m▄[48;5;254m   [38;5;254;48;5;254m▄[48;5;254m [38;5;254;48;5;254m▄▄▄[48;5;254m  [38;5;138;48;5;181m▄[38;5;101;48;5;138m▄[38;5;188;48;5;254m▄[38;5;138;48;5;138m▄[38;5;95;48;5;95m▄[38;5;138;48;5;95m▄[38;5;138;48;5;237m▄[38;5;101;48;5;234m▄[38;5;95;48;5;233m▄[38;5;95;48;5;235m▄[38;5;239;48;5;236m▄[38;5;236;48;5;234m▄[38;5;235;48;5;240m▄[38;5;233;48;5;138m▄[38;5;235;48;5;95m▄[38;5;234;48;5;239m▄[38;5;235;48;5;137m▄[38;5;239;48;5;252m▄[38;5;138;48;5;254m▄[38;5;138;48;5;253m▄[38;5;137;48;5;181m▄[38;5;234;48;5;237m▄[38;5;232;48;5;232m▄[48;5;232m  [38;5;232;48;5;233m▄[38;5;233;48;5;233m▄[38;5;234;48;5;234m▄▄[38;5;233;48;5;233m▄▄[38;5;233;48;5;234m▄[38;5;235;48;5;235m▄[38;5;235;48;5;236m▄[38;5;234;48;5;234m▄[m
[38;5;181;48;5;254m▄[38;5;144;48;5;253m▄[38;5;101;48;5;253m▄[38;5;138;48;5;253m▄[38;5;144;48;5;254m▄▄▄▄[38;5;145;48;5;254m▄[38;5;249;48;5;254m▄[38;5;181;48;5;254m▄[38;5;144;48;5;254m▄[38;5;138;48;5;254m▄[38;5;138;48;5;138m▄[38;5;101;48;5;101m▄[38;5;181;48;5;252m▄[38;5;101;48;5;137m▄[38;5;101;48;5;95m▄[38;5;101;48;5;137m▄[38;5;101;48;5;144m▄▄[38;5;95;48;5;144m▄[38;5;240;48;5;138m▄[38;5;239;48;5;239m▄[38;5;144;48;5;138m▄[38;5;252;48;5;252m▄[38;5;95;48;5;237m▄[38;5;138;48;5;238m▄[38;5;101;48;5;234m▄[38;5;101;48;5;233m▄[38;5;95;48;5;236m▄[38;5;95;48;5;138m▄[38;5;95;48;5;144m▄[38;5;233;48;5;240m▄[48;5;232m   [38;5;232;48;5;232m▄▄[38;5;232;48;5;233m▄▄▄▄[38;5;233;48;5;233m▄[38;5;234;48;5;234m▄[38;5;233;48;5;234m▄[38;5;235;48;5;235m▄▄[m
[38;5;254;48;5;255m▄[38;5;144;48;5;254m▄[38;5;236;48;5;101m▄[38;5;234;48;5;95m▄[38;5;238;48;5;252m▄[38;5;187;48;5;254m▄[38;5;254;48;5;254m▄[48;5;254m [38;5;255;48;5;255m▄▄[38;5;255;48;5;254m▄▄[38;5;254;48;5;254m▄[38;5;188;48;5;249m▄[38;5;138;48;5;101m▄[38;5;181;48;5;181m▄[38;5;95;48;5;101m▄[38;5;95;48;5;95m▄[38;5;101;48;5;101m▄[38;5;137;48;5;138m▄[38;5;138;48;5;138m▄[38;5;101;48;5;137m▄[38;5;95;48;5;95m▄[38;5;95;48;5;101m▄[38;5;145;48;5;145m▄[38;5;252;48;5;187m▄[38;5;137;48;5;101m▄[38;5;137;48;5;144m▄[38;5;138;48;5;181m▄▄▄[38;5;101;48;5;144m▄[38;5;101;48;5;101m▄[38;5;234;48;5;238m▄[38;5;235;48;5;232m▄[38;5;232;48;5;232m▄▄▄[38;5;232;48;5;233m▄[38;5;233;48;5;232m▄[38;5;232;48;5;232m▄▄▄[38;5;233;48;5;233m▄[38;5;234;48;5;234m▄[38;5;233;48;5;233m▄[38;5;234;48;5;235m▄[38;5;235;48;5;235m▄[m
[38;5;238;48;5;144m▄[38;5;236;48;5;237m▄[38;5;235;48;5;235m▄[38;5;234;48;5;234m▄[38;5;233;48;5;233m▄[38;5;233;48;5;237m▄[38;5;237;48;5;249m▄[38;5;181;48;5;253m▄[38;5;253;48;5;254m▄[38;5;254;48;5;255m▄[38;5;255;48;5;255m▄[38;5;254;48;5;255m▄[38;5;187;48;5;254m▄[38;5;181;48;5;254m▄[38;5;255;48;5;254m▄[38;5;144;48;5;144m▄[38;5;95;48;5;95m▄▄▄[38;5;101;48;5;101m▄▄[48;5;95m [38;5;238;48;5;239m▄[38;5;236;48;5;238m▄[38;5;237;48;5;95m▄[38;5;237;48;5;137m▄[38;5;95;48;5;101m▄▄[38;5;138;48;5;144m▄[38;5;144;48;5;144m▄[38;5;181;48;5;144m▄▄[38;5;188;48;5;144m▄[38;5;59;48;5;239m▄[38;5;232;48;5;237m▄[38;5;233;48;5;232m▄[38;5;232;48;5;232m▄▄▄[38;5;233;48;5;233m▄[38;5;233;48;5;232m▄▄[38;5;232;48;5;233m▄[38;5;233;48;5;233m▄[38;5;234;48;5;234m▄▄[38;5;233;48;5;233m▄[38;5;235;48;5;236m▄[m
[38;5;238;48;5;237m▄[38;5;235;48;5;235m▄[38;5;233;48;5;234m▄[38;5;233;48;5;233m▄▄▄▄[38;5;234;48;5;95m▄[38;5;144;48;5;187m▄[38;5;252;48;5;253m▄[38;5;181;48;5;253m▄[38;5;187;48;5;249m▄[38;5;138;48;5;95m▄[38;5;144;48;5;95m▄[38;5;138;48;5;138m▄[38;5;138;48;5;144m▄[38;5;95;48;5;95m▄▄▄[38;5;239;48;5;95m▄[38;5;237;48;5;95m▄[38;5;239;48;5;95m▄[38;5;95;48;5;239m▄[38;5;101;48;5;239m▄[38;5;138;48;5;240m▄[38;5;144;48;5;101m▄[38;5;144;48;5;144m▄[38;5;181;48;5;138m▄[38;5;181;48;5;144m▄[38;5;145;48;5;181m▄[38;5;249;48;5;181m▄[38;5;95;48;5;181m▄[38;5;187;48;5;187m▄[38;5;253;48;5;236m▄[38;5;101;48;5;232m▄[38;5;234;48;5;232m▄[38;5;232;48;5;232m▄[48;5;232m  [38;5;232;48;5;232m▄[38;5;233;48;5;232m▄[38;5;232;48;5;232m▄▄[38;5;233;48;5;233m▄[38;5;234;48;5;234m▄[48;5;234m [38;5;234;48;5;234m▄[38;5;236;48;5;236m▄[m
[38;5;238;48;5;239m▄[38;5;238;48;5;236m▄[38;5;234;48;5;233m▄▄▄[38;5;236;48;5;234m▄[38;5;238;48;5;235m▄[38;5;236;48;5;235m▄[38;5;235;48;5;101m▄[38;5;138;48;5;253m▄[38;5;188;48;5;187m▄[38;5;138;48;5;253m▄[38;5;238;48;5;187m▄[38;5;237;48;5;187m▄[38;5;95;48;5;240m▄[38;5;137;48;5;138m▄[38;5;95;48;5;95m▄▄▄▄▄[38;5;95;48;5;239m▄[38;5;95;48;5;95m▄[38;5;101;48;5;240m▄[38;5;138;48;5;95m▄[38;5;144;48;5;95m▄▄[38;5;138;48;5;138m▄[38;5;181;48;5;181m▄[38;5;144;48;5;145m▄[38;5;239;48;5;138m▄[38;5;234;48;5;235m▄[38;5;144;48;5;181m▄[38;5;253;48;5;188m▄[38;5;252;48;5;252m▄[38;5;252;48;5;187m▄[38;5;188;48;5;247m▄[38;5;253;48;5;238m▄[38;5;138;48;5;232m▄[38;5;233;48;5;232m▄[38;5;232;48;5;232m▄[38;5;233;48;5;232m▄▄[38;5;233;48;5;233m▄[38;5;235;48;5;234m▄▄[38;5;233;48;5;234m▄[38;5;236;48;5;236m▄[m
[38;5;236;48;5;236m▄[38;5;235;48;5;237m▄[38;5;236;48;5;236m▄[38;5;235;48;5;235m▄[38;5;101;48;5;238m▄[38;5;95;48;5;237m▄[38;5;235;48;5;235m▄[38;5;235;48;5;236m▄▄[38;5;235;48;5;237m▄[38;5;237;48;5;95m▄[38;5;232;48;5;234m▄[38;5;232;48;5;233m▄[38;5;233;48;5;235m▄[38;5;138;48;5;138m▄▄[38;5;95;48;5;95m▄▄[38;5;240;48;5;95m▄[38;5;95;48;5;95m▄[38;5;101;48;5;95m▄[38;5;137;48;5;95m▄[38;5;101;48;5;95m▄[38;5;101;48;5;240m▄[38;5;137;48;5;101m▄[38;5;181;48;5;249m▄[38;5;181;48;5;181m▄[38;5;144;48;5;145m▄[38;5;137;48;5;144m▄[38;5;101;48;5;101m▄[38;5;138;48;5;233m▄[38;5;144;48;5;233m▄[38;5;188;48;5;138m▄[38;5;254;48;5;252m▄[38;5;253;48;5;181m▄▄[38;5;188;48;5;181m▄[38;5;187;48;5;144m▄▄[38;5;181;48;5;95m▄[38;5;137;48;5;239m▄[38;5;101;48;5;240m▄▄[38;5;101;48;5;95m▄[38;5;236;48;5;235m▄[38;5;233;48;5;234m▄[38;5;232;48;5;233m▄[38;5;235;48;5;235m▄[m
[38;5;235;48;5;235m▄[38;5;237;48;5;234m▄[38;5;238;48;5;234m▄[38;5;240;48;5;237m▄[38;5;239;48;5;240m▄[38;5;234;48;5;95m▄[38;5;232;48;5;235m▄[38;5;232;48;5;233m▄[38;5;232;48;5;232m▄[48;5;232m [38;5;232;48;5;232m▄[48;5;232m  [38;5;232;48;5;232m▄[38;5;236;48;5;95m▄[38;5;187;48;5;187m▄[38;5;144;48;5;95m▄[38;5;95;48;5;95m▄[38;5;238;48;5;238m▄[38;5;236;48;5;95m▄[38;5;238;48;5;95m▄[38;5;95;48;5;137m▄[38;5;95;48;5;138m▄[38;5;101;48;5;144m▄[38;5;138;48;5;181m▄[38;5;138;48;5;187m▄▄[38;5;252;48;5;138m▄[38;5;101;48;5;95m▄[38;5;240;48;5;101m▄[38;5;95;48;5;137m▄[38;5;240;48;5;101m▄[38;5;240;48;5;138m▄[38;5;95;48;5;249m▄[38;5;101;48;5;181m▄▄[38;5;101;48;5;187m▄[38;5;101;48;5;181m▄[38;5;95;48;5;187m▄[38;5;95;48;5;181m▄▄[38;5;95;48;5;145m▄[38;5;137;48;5;144m▄[38;5;101;48;5;138m▄[38;5;235;48;5;236m▄[38;5;232;48;5;232m▄▄[38;5;234;48;5;235m▄[m
[38;5;235;48;5;95m▄[38;5;234;48;5;95m▄[38;5;233;48;5;238m▄[38;5;233;48;5;234m▄▄[38;5;235;48;5;235m▄[38;5;234;48;5;233m▄[38;5;233;48;5;233m▄[38;5;233;48;5;232m▄[38;5;232;48;5;232m▄▄[48;5;232m   [38;5;232;48;5;233m▄[38;5;95;48;5;144m▄[38;5;181;48;5;188m▄[38;5;252;48;5;138m▄[38;5;138;48;5;58m▄[38;5;236;48;5;236m▄[38;5;236;48;5;235m▄[38;5;235;48;5;235m▄▄[38;5;235;48;5;236m▄[38;5;238;48;5;237m▄[38;5;138;48;5;95m▄[38;5;254;48;5;144m▄[38;5;247;48;5;253m▄[38;5;235;48;5;253m▄[38;5;145;48;5;239m▄[38;5;236;48;5;237m▄[38;5;234;48;5;238m▄[38;5;235;48;5;237m▄[38;5;236;48;5;238m▄[38;5;58;48;5;239m▄[38;5;239;48;5;239m▄[38;5;239;48;5;95m▄[38;5;240;48;5;95m▄[38;5;239;48;5;240m▄[38;5;239;48;5;239m▄▄[38;5;239;48;5;95m▄[38;5;240;48;5;95m▄[38;5;95;48;5;95m▄[38;5;238;48;5;236m▄[38;5;233;48;5;233m▄▄[38;5;234;48;5;235m▄[m
[38;5;233;48;5;233m▄[48;5;233m [38;5;233;48;5;233m▄▄[38;5;234;48;5;233m▄[38;5;234;48;5;234m▄[38;5;234;48;5;235m▄[38;5;235;48;5;234m▄[38;5;234;48;5;233m▄[38;5;232;48;5;232m▄▄[48;5;232m   [38;5;232;48;5;232m▄[38;5;234;48;5;237m▄[38;5;138;48;5;144m▄[38;5;187;48;5;181m▄[38;5;188;48;5;187m▄[38;5;254;48;5;144m▄[38;5;252;48;5;238m▄[38;5;138;48;5;238m▄[38;5;95;48;5;238m▄[38;5;101;48;5;239m▄[38;5;252;48;5;101m▄[38;5;255;48;5;252m▄[38;5;255;48;5;255m▄[38;5;240;48;5;102m▄[38;5;232;48;5;232m▄[38;5;232;48;5;238m▄[38;5;238;48;5;181m▄[38;5;138;48;5;234m▄[38;5;233;48;5;232m▄[38;5;232;48;5;234m▄[38;5;232;48;5;236m▄[38;5;233;48;5;238m▄[38;5;236;48;5;238m▄[38;5;237;48;5;238m▄[38;5;238;48;5;239m▄[38;5;238;48;5;238m▄[38;5;238;48;5;239m▄[38;5;239;48;5;239m▄[38;5;238;48;5;239m▄[38;5;239;48;5;240m▄[38;5;238;48;5;238m▄[38;5;234;48;5;233m▄[38;5;233;48;5;232m▄[38;5;233;48;5;233m▄[m
[38;5;233;48;5;233m▄[38;5;234;48;5;233m▄[38;5;233;48;5;233m▄▄▄[38;5;234;48;5;233m▄[38;5;233;48;5;234m▄[38;5;234;48;5;234m▄▄[38;5;233;48;5;233m▄[38;5;233;48;5;232m▄[48;5;232m   [38;5;232;48;5;232m▄[38;5;233;48;5;235m▄[38;5;235;48;5;237m▄[38;5;232;48;5;237m▄[38;5;232;48;5;59m▄[38;5;232;48;5;138m▄[38;5;234;48;5;187m▄[38;5;235;48;5;253m▄[38;5;234;48;5;144m▄[38;5;233;48;5;249m▄[38;5;235;48;5;254m▄[38;5;233;48;5;7m▄[38;5;232;48;5;246m▄[38;5;232;48;5;233m▄[48;5;232m [38;5;234;48;5;232m▄[38;5;239;48;5;232m▄[38;5;138;48;5;241m▄[38;5;252;48;5;245m▄[38;5;181;48;5;233m▄[38;5;95;48;5;232m▄[38;5;234;48;5;232m▄[38;5;232;48;5;232m▄[38;5;232;48;5;233m▄[38;5;232;48;5;236m▄[38;5;236;48;5;238m▄[38;5;58;48;5;238m▄[38;5;238;48;5;238m▄▄[48;5;238m [38;5;237;48;5;238m▄[38;5;235;48;5;235m▄[38;5;233;48;5;233m▄▄[m
[38;5;233;48;5;233m▄▄▄[38;5;234;48;5;233m▄[38;5;233;48;5;233m▄[48;5;233m [38;5;233;48;5;233m▄▄▄[38;5;233;48;5;234m▄[38;5;235;48;5;234m▄[38;5;234;48;5;233m▄[38;5;233;48;5;232m▄[48;5;232m   [38;5;232;48;5;232m▄[48;5;232m   [38;5;233;48;5;232m▄[38;5;237;48;5;233m▄[38;5;239;48;5;233m▄[38;5;235;48;5;232m▄[38;5;234;48;5;232m▄[38;5;235;48;5;232m▄[38;5;232;48;5;232m▄[38;5;234;48;5;232m▄[38;5;144;48;5;237m▄[38;5;181;48;5;145m▄[38;5;181;48;5;254m▄[38;5;144;48;5;254m▄[38;5;138;48;5;188m▄[38;5;101;48;5;181m▄[38;5;138;48;5;187m▄[38;5;145;48;5;187m▄[38;5;138;48;5;235m▄[38;5;239;48;5;232m▄[38;5;233;48;5;232m▄[38;5;233;48;5;234m▄[38;5;236;48;5;237m▄[38;5;237;48;5;237m▄▄[38;5;237;48;5;58m▄[48;5;238m [38;5;235;48;5;235m▄[38;5;233;48;5;233m▄[38;5;232;48;5;233m▄[m
[38;5;233;48;5;233m▄▄▄[48;5;233m [38;5;233;48;5;233m▄[48;5;233m [38;5;233;48;5;233m▄▄[38;5;232;48;5;233m▄[38;5;234;48;5;233m▄[38;5;238;48;5;236m▄▄[38;5;240;48;5;235m▄[38;5;238;48;5;233m▄[38;5;236;48;5;233m▄[38;5;234;48;5;233m▄[38;5;233;48;5;232m▄[38;5;238;48;5;232m▄[38;5;144;48;5;233m▄[38;5;181;48;5;237m▄[38;5;187;48;5;144m▄[38;5;255;48;5;254m▄▄[38;5;255;48;5;187m▄[38;5;255;48;5;181m▄[38;5;187;48;5;138m▄[38;5;239;48;5;234m▄[38;5;138;48;5;95m▄[38;5;181;48;5;181m▄[38;5;138;48;5;249m▄[38;5;138;48;5;137m▄[38;5;181;48;5;101m▄[38;5;181;48;5;181m▄[38;5;187;48;5;188m▄[38;5;187;48;5;254m▄[38;5;181;48;5;254m▄[38;5;138;48;5;253m▄[38;5;137;48;5;188m▄[38;5;95;48;5;187m▄[38;5;233;48;5;235m▄[38;5;235;48;5;236m▄[48;5;236m [38;5;237;48;5;237m▄[38;5;238;48;5;238m▄[38;5;237;48;5;237m▄[38;5;236;48;5;236m▄[48;5;234m [38;5;233;48;5;232m▄[m
[38;5;233;48;5;233m▄▄▄▄▄▄▄▄[38;5;232;48;5;232m▄[38;5;234;48;5;234m▄[38;5;235;48;5;236m▄▄[38;5;235;48;5;237m▄[38;5;235;48;5;236m▄[38;5;234;48;5;236m▄[38;5;234;48;5;234m▄[38;5;237;48;5;238m▄[38;5;181;48;5;181m▄[38;5;254;48;5;254m▄[38;5;254;48;5;253m▄[38;5;187;48;5;252m▄[48;5;255m  [38;5;255;48;5;255m▄[38;5;254;48;5;255m▄[38;5;144;48;5;181m▄[38;5;138;48;5;137m▄[38;5;144;48;5;144m▄[38;5;138;48;5;144m▄[38;5;144;48;5;138m▄[38;5;181;48;5;249m▄[38;5;144;48;5;187m▄[38;5;101;48;5;181m▄[38;5;240;48;5;138m▄[38;5;101;48;5;95m▄[38;5;95;48;5;95m▄[38;5;232;48;5;234m▄[38;5;232;48;5;232m▄▄▄[38;5;234;48;5;235m▄[38;5;236;48;5;236m▄[38;5;237;48;5;237m▄▄[38;5;238;48;5;238m▄[38;5;237;48;5;236m▄[38;5;233;48;5;234m▄[38;5;232;48;5;234m▄[m
[38;5;232;48;5;232m▄▄[38;5;233;48;5;233m▄[38;5;232;48;5;233m▄[38;5;233;48;5;233m▄[38;5;232;48;5;233m▄[38;5;233;48;5;233m▄[38;5;232;48;5;233m▄[38;5;232;48;5;232m▄[38;5;232;48;5;233m▄▄▄▄▄[38;5;232;48;5;232m▄[38;5;233;48;5;232m▄[38;5;235;48;5;236m▄[38;5;181;48;5;181m▄[38;5;187;48;5;188m▄[38;5;254;48;5;255m▄[38;5;253;48;5;187m▄[38;5;254;48;5;255m▄[48;5;255m [38;5;255;48;5;255m▄[38;5;144;48;5;187m▄[38;5;239;48;5;95m▄[38;5;95;48;5;137m▄[38;5;144;48;5;138m▄[38;5;181;48;5;249m▄[38;5;252;48;5;181m▄[38;5;188;48;5;181m▄[38;5;253;48;5;144m▄[38;5;188;48;5;137m▄[38;5;253;48;5;144m▄[38;5;188;48;5;187m▄[38;5;252;48;5;138m▄[38;5;236;48;5;232m▄[48;5;232m  [38;5;232;48;5;232m▄[38;5;234;48;5;234m▄[38;5;236;48;5;236m▄▄[38;5;236;48;5;237m▄[38;5;237;48;5;237m▄[38;5;236;48;5;236m▄[38;5;232;48;5;232m▄[48;5;232m [m
[38;5;233;48;5;233m▄[38;5;232;48;5;232m▄▄[48;5;232m  [38;5;232;48;5;233m▄▄[38;5;232;48;5;232m▄▄▄▄[48;5;232m [38;5;232;48;5;232m▄[38;5;233;48;5;232m▄[38;5;233;48;5;233m▄▄[38;5;235;48;5;235m▄[38;5;187;48;5;187m▄▄[38;5;188;48;5;254m▄[38;5;254;48;5;254m▄[38;5;188;48;5;188m▄[38;5;255;48;5;255m▄▄[38;5;101;48;5;144m▄[38;5;236;48;5;237m▄[38;5;238;48;5;240m▄[38;5;95;48;5;138m▄[38;5;137;48;5;144m▄[38;5;187;48;5;187m▄[38;5;253;48;5;253m▄[38;5;188;48;5;254m▄[38;5;181;48;5;253m▄[38;5;181;48;5;187m▄[38;5;253;48;5;181m▄[38;5;252;48;5;187m▄[38;5;102;48;5;101m▄[48;5;232m   [38;5;233;48;5;233m▄[38;5;235;48;5;235m▄▄[38;5;235;48;5;236m▄[38;5;236;48;5;236m▄[38;5;233;48;5;234m▄[38;5;232;48;5;232m▄[48;5;232m [m
[38;5;232;48;5;233m▄▄▄[38;5;232;48;5;232m▄▄▄▄▄[48;5;232m [38;5;232;48;5;232m▄[48;5;232m [38;5;232;48;5;232m▄[38;5;233;48;5;232m▄[38;5;233;48;5;233m▄▄[38;5;232;48;5;233m▄[38;5;236;48;5;235m▄[38;5;252;48;5;187m▄[38;5;188;48;5;187m▄[38;5;188;48;5;252m▄[38;5;253;48;5;254m▄[38;5;253;48;5;253m▄[38;5;254;48;5;255m▄▄[38;5;240;48;5;101m▄[38;5;236;48;5;236m▄[48;5;237m [38;5;239;48;5;238m▄[38;5;239;48;5;95m▄[38;5;95;48;5;144m▄[38;5;138;48;5;181m▄[38;5;181;48;5;187m▄[38;5;187;48;5;188m▄[38;5;181;48;5;188m▄[38;5;138;48;5;252m▄[38;5;239;48;5;181m▄[38;5;235;48;5;101m▄[48;5;232m  [38;5;232;48;5;232m▄[38;5;233;48;5;233m▄[38;5;234;48;5;234m▄▄[38;5;234;48;5;235m▄[38;5;234;48;5;236m▄[38;5;232;48;5;232m▄▄[48;5;232m [m
[38;5;232;48;5;232m▄▄▄[48;5;232m   [38;5;232;48;5;232m▄[48;5;232m    [38;5;232;48;5;232m▄[38;5;233;48;5;233m▄[48;5;233m [38;5;233;48;5;233m▄[48;5;232m [38;5;101;48;5;240m▄[38;5;254;48;5;253m▄[38;5;253;48;5;253m▄[38;5;252;48;5;252m▄[38;5;252;48;5;188m▄[38;5;181;48;5;187m▄[38;5;253;48;5;254m▄[38;5;144;48;5;252m▄[38;5;237;48;5;238m▄[38;5;236;48;5;236m▄[38;5;237;48;5;237m▄[48;5;240m [48;5;238m [38;5;238;48;5;239m▄[38;5;240;48;5;95m▄[38;5;138;48;5;144m▄[38;5;145;48;5;144m▄[38;5;95;48;5;138m▄[38;5;232;48;5;234m▄[38;5;232;48;5;232m▄[48;5;232m    [38;5;232;48;5;232m▄▄[38;5;232;48;5;233m▄▄▄[48;5;232m  [38;5;232;48;5;232m▄[m

[38;5;231mBURMISTER.COM BBS[0m is a little terminal-shaped corner of the web.

It exists for the same reason good old bulletin boards did:
to make software feel like a place.

[38;5;244mSysOp[0m : Adam Burmister
[38;5;244mStack[0m : TypeScript, Astro, xterm.js, WebGL CRT rendering
[38;5;244mFiles[0m : resume, projects, experiments, door games

[38;5;250mThanks for calling. Leave a note in the guestbook if the line holds.[0m

