[38;5;201m╔══════════════════════════════════════════════════════════════════════════════╗[0m
[38;5;201m║                         INLINE IMAGE EXAMPLE                                 ║[0m
[38;5;201m╚══════════════════════════════════════════════════════════════════════════════╝[0m

[38;2;243;232;219;48;2;243;232;219m▀[38;2;213;197;180;48;2;222;207;192m▀[38;2;213;197;180;48;2;213;197;180m▀[38;2;213;197;180;48;2;213;197;180m▀[38;2;213;197;180;48;2;213;197;180m▀[38;2;199;181;163;48;2;213;197;180m▀[38;2;199;181;163;48;2;199;181;163m▀[38;2;199;181;163;48;2;199;181;163m▀[38;2;235;222;209;48;2;235;222;209m▀[38;2;213;197;180;48;2;102;72;42m▀[38;2;141;114;88;48;2;38;19;5m▀[38;2;62;33;9;48;2;62;33;9m▀[38;2;83;51;21;48;2;38;19;5m▀[38;2;83;51;21;48;2;38;19;5m▀[38;2;102;72;42;48;2;17;8;4m▀[38;2;122;94;66;48;2;38;19;5m▀[38;2;253;246;237;48;2;102;72;42m▀[38;2;253;246;237;48;2;38;19;5m▀[38;2;62;33;9;48;2;141;114;88m▀[38;2;253;246;237;48;2;253;246;237m▀[38;2;253;246;237;48;2;243;232;219m▀[38;2;141;114;88;48;2;161;138;114m▀[38;2;213;197;180;48;2;199;181;163m▀[38;2;213;197;180;48;2;222;207;192m▀[0m
[38;2;243;232;219;48;2;243;232;219m▀[38;2;222;207;192;48;2;228;215;201m▀[38;2;213;197;180;48;2;222;207;192m▀[38;2;213;197;180;48;2;228;215;201m▀[38;2;222;207;192;48;2;222;207;192m▀[38;2;222;207;192;48;2;222;207;192m▀[38;2;213;197;180;48;2;222;207;192m▀[38;2;213;197;180;48;2;213;197;180m▀[38;2;199;181;163;48;2;83;51;21m▀[38;2;141;114;88;48;2;122;94;66m▀[38;2;199;181;163;48;2;199;181;163m▀[38;2;199;181;163;48;2;181;161;140m▀[38;2;213;197;180;48;2;199;181;163m▀[38;2;181;161;140;48;2;199;181;163m▀[38;2;83;51;21;48;2;213;197;180m▀[38;2;62;33;9;48;2;161;138;114m▀[38;2;38;19;5;48;2;62;33;9m▀[38;2;141;114;88;48;2;122;94;66m▀[38;2;199;181;163;48;2;102;72;42m▀[38;2;253;246;237;48;2;83;51;21m▀[38;2;253;246;237;48;2;102;72;42m▀[38;2;213;197;180;48;2;122;94;66m▀[38;2;181;161;140;48;2;161;138;114m▀[38;2;102;72;42;48;2;161;138;114m▀[0m
[38;2;243;232;219;48;2;243;232;219m▀[38;2;235;222;209;48;2;243;232;219m▀[38;2;235;222;209;48;2;235;222;209m▀[38;2;235;222;209;48;2;235;222;209m▀[38;2;228;215;201;48;2;235;222;209m▀[38;2;222;207;192;48;2;228;215;201m▀[38;2;228;215;201;48;2;235;222;209m▀[38;2;228;215;201;48;2;235;222;209m▀[38;2;122;94;66;48;2;253;246;237m▀[38;2;161;138;114;48;2;38;19;5m▀[38;2;181;161;140;48;2;141;114;88m▀[38;2;181;161;140;48;2;199;181;163m▀[38;2;181;161;140;48;2;199;181;163m▀[38;2;213;197;180;48;2;213;197;180m▀[38;2;235;222;209;48;2;228;215;201m▀[38;2;228;215;201;48;2;243;232;219m▀[38;2;222;207;192;48;2;235;222;209m▀[38;2;222;207;192;48;2;141;114;88m▀[38;2;83;51;21;48;2;17;8;4m▀[38;2;253;246;237;48;2;38;19;5m▀[38;2;253;246;237;48;2;38;19;5m▀[38;2;17;8;4;48;2;17;8;4m▀[38;2;17;8;4;48;2;62;33;9m▀[38;2;122;94;66;48;2;102;72;42m▀[0m
[38;2;253;246;237;48;2;253;246;237m▀[38;2;243;232;219;48;2;243;232;219m▀[38;2;243;232;219;48;2;243;232;219m▀[38;2;243;232;219;48;2;243;232;219m▀[38;2;243;232;219;48;2;235;222;209m▀[38;2;235;222;209;48;2;235;222;209m▀[38;2;243;232;219;48;2;243;232;219m▀[38;2;181;161;140;48;2;102;72;42m▀[38;2;213;197;180;48;2;181;161;140m▀[38;2;141;114;88;48;2;181;161;140m▀[38;2;62;33;9;48;2;161;138;114m▀[38;2;102;72;42;48;2;161;138;114m▀[38;2;38;19;5;48;2;83;51;21m▀[38;2;199;181;163;48;2;38;19;5m▀[38;2;181;161;140;48;2;38;19;5m▀[38;2;228;215;201;48;2;62;33;9m▀[38;2;235;222;209;48;2;199;181;163m▀[38;2;141;114;88;48;2;62;33;9m▀[38;2;17;8;4;48;2;17;8;4m▀[38;2;17;8;4;48;2;17;8;4m▀[38;2;38;19;5;48;2;38;19;5m▀[38;2;62;33;9;48;2;38;19;5m▀[38;2;83;51;21;48;2;83;51;21m▀[38;2;62;33;9;48;2;83;51;21m▀[0m
[38;2;253;246;237;48;2;243;232;219m▀[38;2;228;215;201;48;2;83;51;21m▀[38;2;228;215;201;48;2;62;33;9m▀[38;2;243;232;219;48;2;213;197;180m▀[38;2;243;232;219;48;2;243;232;219m▀[38;2;243;232;219;48;2;253;246;237m▀[38;2;243;232;219;48;2;243;232;219m▀[38;2;141;114;88;48;2;243;232;219m▀[38;2;161;138;114;48;2;141;114;88m▀[38;2;141;114;88;48;2;141;114;88m▀[38;2;161;138;114;48;2;141;114;88m▀[38;2;141;114;88;48;2;122;94;66m▀[38;2;161;138;114;48;2;161;138;114m▀[38;2;199;181;163;48;2;199;181;163m▀[38;2;213;197;180;48;2;161;138;114m▀[38;2;181;161;140;48;2;181;161;140m▀[38;2;161;138;114;48;2;213;197;180m▀[38;2;17;8;4;48;2;102;72;42m▀[38;2;17;8;4;48;2;17;8;4m▀[38;2;38;19;5;48;2;17;8;4m▀[38;2;38;19;5;48;2;17;8;4m▀[38;2;38;19;5;48;2;38;19;5m▀[38;2;83;51;21;48;2;62;33;9m▀[38;2;62;33;9;48;2;38;19;5m▀[0m
[38;2;102;72;42;48;2;122;94;66m▀[38;2;62;33;9;48;2;62;33;9m▀[38;2;38;19;5;48;2;38;19;5m▀[38;2;38;19;5;48;2;38;19;5m▀[38;2;213;197;180;48;2;122;94;66m▀[38;2;243;232;219;48;2;228;215;201m▀[38;2;161;138;114;48;2;213;197;180m▀[38;2;141;114;88;48;2;199;181;163m▀[38;2;141;114;88;48;2;141;114;88m▀[38;2;122;94;66;48;2;141;114;88m▀[38;2;141;114;88;48;2;122;94;66m▀[38;2;122;94;66;48;2;83;51;21m▀[38;2;102;72;42;48;2;181;161;140m▀[38;2;161;138;114;48;2;199;181;163m▀[38;2;161;138;114;48;2;199;181;163m▀[38;2;199;181;163;48;2;199;181;163m▀[38;2;235;222;209;48;2;161;138;114m▀[38;2;17;8;4;48;2;228;215;201m▀[38;2;17;8;4;48;2;38;19;5m▀[38;2;17;8;4;48;2;17;8;4m▀[38;2;38;19;5;48;2;17;8;4m▀[38;2;17;8;4;48;2;17;8;4m▀[38;2;62;33;9;48;2;38;19;5m▀[38;2;38;19;5;48;2;62;33;9m▀[0m
[38;2;83;51;21;48;2;83;51;21m▀[38;2;83;51;21;48;2;38;19;5m▀[38;2;83;51;21;48;2;83;51;21m▀[38;2;102;72;42;48;2;141;114;88m▀[38;2;83;51;21;48;2;17;8;4m▀[38;2;161;138;114;48;2;38;19;5m▀[38;2;17;8;4;48;2;17;8;4m▀[38;2;102;72;42;48;2;38;19;5m▀[38;2;161;138;114;48;2;141;114;88m▀[38;2;122;94;66;48;2;122;94;66m▀[38;2;122;94;66;48;2;141;114;88m▀[38;2;122;94;66;48;2;161;138;114m▀[38;2;141;114;88;48;2;199;181;163m▀[38;2;199;181;163;48;2;213;197;180m▀[38;2;181;161;140;48;2;161;138;114m▀[38;2;141;114;88;48;2;213;197;180m▀[38;2;102;72;42;48;2;199;181;163m▀[38;2;222;207;192;48;2;181;161;140m▀[38;2;228;215;201;48;2;181;161;140m▀[38;2;235;222;209;48;2;181;161;140m▀[38;2;62;33;9;48;2;199;181;163m▀[38;2;102;72;42;48;2;161;138;114m▀[38;2;122;94;66;48;2;161;138;114m▀[38;2;62;33;9;48;2;17;8;4m▀[0m
[38;2;83;51;21;48;2;38;19;5m▀[38;2;141;114;88;48;2;38;19;5m▀[38;2;83;51;21;48;2;38;19;5m▀[38;2;38;19;5;48;2;62;33;9m▀[38;2;17;8;4;48;2;38;19;5m▀[38;2;17;8;4;48;2;38;19;5m▀[38;2;17;8;4;48;2;17;8;4m▀[38;2;17;8;4;48;2;17;8;4m▀[38;2;235;222;209;48;2;181;161;140m▀[38;2;122;94;66;48;2;222;207;192m▀[38;2;62;33;9;48;2;83;51;21m▀[38;2;83;51;21;48;2;83;51;21m▀[38;2;122;94;66;48;2;102;72;42m▀[38;2;122;94;66;48;2;243;232;219m▀[38;2;253;246;237;48;2;17;8;4m▀[38;2;83;51;21;48;2;253;246;237m▀[38;2;102;72;42;48;2;17;8;4m▀[38;2;102;72;42;48;2;83;51;21m▀[38;2;122;94;66;48;2;102;72;42m▀[38;2;122;94;66;48;2;122;94;66m▀[38;2;122;94;66;48;2;102;72;42m▀[38;2;122;94;66;48;2;102;72;42m▀[38;2;122;94;66;48;2;102;72;42m▀[38;2;38;19;5;48;2;38;19;5m▀[0m
[38;2;62;33;9;48;2;38;19;5m▀[38;2;38;19;5;48;2;38;19;5m▀[38;2;38;19;5;48;2;17;8;4m▀[38;2;62;33;9;48;2;38;19;5m▀[38;2;62;33;9;48;2;38;19;5m▀[38;2;17;8;4;48;2;62;33;9m▀[38;2;17;8;4;48;2;17;8;4m▀[38;2;17;8;4;48;2;17;8;4m▀[38;2;83;51;21;48;2;17;8;4m▀[38;2;199;181;163;48;2;17;8;4m▀[38;2;243;232;219;48;2;17;8;4m▀[38;2;243;232;219;48;2;62;33;9m▀[38;2;253;246;237;48;2;17;8;4m▀[38;2;253;246;237;48;2;17;8;4m▀[38;2;17;8;4;48;2;17;8;4m▀[38;2;17;8;4;48;2;228;215;201m▀[38;2;199;181;163;48;2;243;232;219m▀[38;2;17;8;4;48;2;228;215;201m▀[38;2;17;8;4;48;2;83;51;21m▀[38;2;83;51;21;48;2;17;8;4m▀[38;2;102;72;42;48;2;83;51;21m▀[38;2;102;72;42;48;2;102;72;42m▀[38;2;102;72;42;48;2;83;51;21m▀[38;2;38;19;5;48;2;38;19;5m▀[0m
[38;2;17;8;4;48;2;38;19;5m▀[38;2;38;19;5;48;2;38;19;5m▀[38;2;38;19;5;48;2;38;19;5m▀[38;2;38;19;5;48;2;38;19;5m▀[38;2;38;19;5;48;2;38;19;5m▀[38;2;62;33;9;48;2;83;51;21m▀[38;2;62;33;9;48;2;102;72;42m▀[38;2;17;8;4;48;2;83;51;21m▀[38;2;17;8;4;48;2;62;33;9m▀[38;2;17;8;4;48;2;235;222;209m▀[38;2;62;33;9;48;2;213;197;180m▀[38;2;222;207;192;48;2;253;246;237m▀[38;2;141;114;88;48;2;253;246;237m▀[38;2;62;33;9;48;2;102;72;42m▀[38;2;161;138;114;48;2;199;181;163m▀[38;2;213;197;180;48;2;161;138;114m▀[38;2;161;138;114;48;2;222;207;192m▀[38;2;235;222;209;48;2;181;161;140m▀[38;2;243;232;219;48;2;122;94;66m▀[38;2;243;232;219;48;2;38;19;5m▀[38;2;83;51;21;48;2;38;19;5m▀[38;2;102;72;42;48;2;102;72;42m▀[38;2;102;72;42;48;2;102;72;42m▀[38;2;62;33;9;48;2;62;33;9m▀[0m
[38;2;17;8;4;48;2;17;8;4m▀[38;2;38;19;5;48;2;17;8;4m▀[38;2;17;8;4;48;2;17;8;4m▀[38;2;38;19;5;48;2;17;8;4m▀[38;2;17;8;4;48;2;17;8;4m▀[38;2;62;33;9;48;2;17;8;4m▀[38;2;38;19;5;48;2;17;8;4m▀[38;2;38;19;5;48;2;17;8;4m▀[38;2;38;19;5;48;2;38;19;5m▀[38;2;213;197;180;48;2;213;197;180m▀[38;2;243;232;219;48;2;243;232;219m▀[38;2;253;246;237;48;2;253;246;237m▀[38;2;235;222;209;48;2;243;232;219m▀[38;2;161;138;114;48;2;102;72;42m▀[38;2;181;161;140;48;2;199;181;163m▀[38;2;199;181;163;48;2;213;197;180m▀[38;2;141;114;88;48;2;228;215;201m▀[38;2;181;161;140;48;2;228;215;201m▀[38;2;17;8;4;48;2;213;197;180m▀[38;2;17;8;4;48;2;17;8;4m▀[38;2;17;8;4;48;2;17;8;4m▀[38;2;83;51;21;48;2;83;51;21m▀[38;2;102;72;42;48;2;83;51;21m▀[38;2;83;51;21;48;2;38;19;5m▀[0m
[38;2;17;8;4;48;2;38;19;5m▀[38;2;38;19;5;48;2;17;8;4m▀[38;2;17;8;4;48;2;17;8;4m▀[38;2;38;19;5;48;2;17;8;4m▀[38;2;17;8;4;48;2;17;8;4m▀[38;2;17;8;4;48;2;17;8;4m▀[38;2;17;8;4;48;2;38;19;5m▀[38;2;17;8;4;48;2;38;19;5m▀[38;2;17;8;4;48;2;17;8;4m▀[38;2;222;207;192;48;2;235;222;209m▀[38;2;235;222;209;48;2;222;207;192m▀[38;2;243;232;219;48;2;222;207;192m▀[38;2;235;222;209;48;2;161;138;114m▀[38;2;83;51;21;48;2;62;33;9m▀[38;2;122;94;66;48;2;102;72;42m▀[38;2;213;197;180;48;2;122;94;66m▀[38;2;213;197;180;48;2;199;181;163m▀[38;2;235;222;209;48;2;181;161;140m▀[38;2;199;181;163;48;2;62;33;9m▀[38;2;17;8;4;48;2;17;8;4m▀[38;2;17;8;4;48;2;17;8;4m▀[38;2;62;33;9;48;2;62;33;9m▀[38;2;62;33;9;48;2;62;33;9m▀[38;2;17;8;4;48;2;17;8;4m▀[0m

[38;5;45m  Build with: npm run build-terminal-assets[0m
